# cid|start/ziel-markierung geprueft|x,y-Punkte (0-200-Raster, Punkt 1 = Start/Ziel)
albert_park|1|88,154,56,122,59,112,57,105,30,75,18,54,19,52,33,48,34,23,47,13,75,0,84,6,100,10,110,22,114,46,106,62,103,85,104,96,107,105,115,115,127,125,145,128,167,147,172,155,182,191,181,193,160,199,153,200,138,178,136,178,128,187,121,187
shanghai|1|44,94,40,27,47,15,59,10,71,17,74,24,71,31,55,32,66,39,110,13,149,7,154,12,147,22,104,41,97,48,98,65,118,82,121,93,116,104,96,115,108,123,174,96,170,84,181,77,194,80,200,94,197,105,188,113,5,193,0,188,8,177,49,157
suzuka|1|156,85,200,139,199,151,192,155,178,136,165,132,159,117,143,112,141,106,144,93,140,87,129,84,120,85,112,90,100,104,84,106,77,75,80,58,65,77,49,79,29,70,15,45,4,45,0,50,4,59,24,74,85,97,99,92,121,73,126,77,135,71,141,72
bahrain|0|18,33,3,124,10,150,0,163,2,170,178,171,189,168,200,162,200,154,137,44,130,39,124,40,120,45,109,68,107,80,115,93,142,109,147,122,145,129,50,130,33,128,37,122,43,118,95,124,100,121,101,116,73,91,70,72,66,64,53,57,30,31,24,29
sepang|1|75,128,34,168,28,170,21,166,19,158,32,145,11,136,0,117,1,94,39,23,49,22,81,50,94,54,109,45,115,21,126,11,194,21,200,39,198,47,138,109,157,108,169,116,178,135,176,152,118,154,100,180,84,189,68,188,62,180,65,172,168,50,165,42
jeddah|0|0,155,3,158,8,157,19,147,28,143,47,142,54,147,62,145,81,131,95,124,110,109,130,103,134,95,141,90,162,91,172,88,192,69,200,44,196,42,166,61,127,94,128,100,116,102,96,113,94,120,90,124,77,125,70,135,61,139,50,133,31,136,2,149
miami|1|100,84,126,101,118,109,116,122,108,127,89,128,54,110,33,115,16,107,4,110,0,120,4,124,16,124,32,128,75,127,105,136,128,134,161,123,189,110,181,101,180,96,183,93,197,90,200,84,197,81,199,70,26,64,24,68,35,75,43,75,58,69,69,69
villeneuve|1|124,155,127,171,126,191,132,194,132,197,129,200,116,196,100,183,99,181,100,177,99,174,93,166,84,159,83,154,82,134,81,133,74,134,70,128,68,107,69,88,74,66,80,64,82,62,87,44,89,25,86,2,88,0,90,1,91,13,107,51,120,118,118,124
monaco|1|25,141,24,117,29,96,85,84,128,70,135,56,124,40,126,32,150,0,155,3,164,21,166,18,160,5,176,2,175,22,169,43,143,73,120,85,98,89,95,93,44,99,40,102,34,126,35,134,42,138,46,159,41,167,47,182,62,193,63,198,44,200,30,166
catalunya|0|25,196,18,183,19,167,47,121,59,122,64,134,44,171,47,179,79,165,98,142,97,135,85,125,73,95,75,81,157,36,156,30,146,26,137,28,127,35,119,35,114,28,115,20,137,2,144,0,155,4,176,18,182,26,180,37,84,189,78,192,63,187,41,200
red_bull_ring|1|110,194,49,187,41,182,27,117,22,58,18,43,2,8,5,1,10,0,45,13,107,51,142,67,146,72,147,79,143,85,127,90,114,92,102,90,69,71,58,72,53,77,51,84,55,114,60,122,69,124,88,116,106,115,190,146,198,153,196,190,190,197,170,200
silverstone|1|53,131,78,100,104,100,127,83,130,85,134,98,139,97,143,84,142,76,86,25,75,25,73,36,69,41,63,40,61,35,71,14,82,5,135,0,142,2,150,21,153,60,159,71,154,89,161,105,145,120,102,195,95,200,87,199,58,161,50,165,45,162,39,149
spa|1|83,36,65,0,92,17,112,39,120,43,124,60,143,94,162,160,156,167,157,183,131,200,126,199,125,193,140,180,129,136,123,130,106,132,89,169,84,171,70,168,56,189,49,187,38,177,39,165,46,153,61,141,84,129,96,107,97,98,86,65,85,52,91,48
hungaroring|1|87,176,12,117,11,113,15,109,35,112,75,140,85,139,87,132,78,108,101,59,114,41,107,8,110,2,118,0,131,8,151,29,148,37,155,62,173,66,178,70,176,102,188,123,189,131,146,181,142,179,119,158,111,159,110,168,132,187,132,194,126,200,116,199
zandvoort|1|33,73,56,17,64,14,71,23,60,54,58,74,34,88,35,99,76,91,115,96,156,80,191,85,199,93,200,106,175,151,168,155,146,151,133,137,140,129,171,120,173,110,167,103,116,103,63,123,55,115,48,115,45,120,53,180,44,186,19,185,4,174,0,155
monza|1|44,154,51,72,51,70,55,69,52,56,53,41,55,33,58,28,65,21,76,17,86,15,118,13,121,9,132,6,148,0,153,1,155,4,156,7,158,27,157,31,122,52,80,89,79,98,74,104,73,106,64,194,62,197,58,200,53,200,48,196,44,191,42,179
madring|1|9,112,6,94,0,92,1,79,56,47,72,45,90,52,106,49,128,39,135,44,146,39,160,39,172,49,192,44,200,50,198,61,187,65,149,42,135,58,118,59,112,61,105,72,104,86,107,93,86,107,84,128,80,131,47,138,45,141,49,154,47,155,18,161
baku|0|174,1,171,0,168,1,126,38,102,63,102,67,109,75,95,87,88,96,86,100,89,104,69,136,57,122,55,122,47,123,43,119,40,119,28,129,13,144,10,150,10,169,20,196,22,197,57,200,61,198,65,179,77,155,77,142,98,110,190,22,190,20,189,17
marina_bay|1|197,95,190,44,181,42,172,35,170,38,169,51,176,82,175,87,172,91,115,87,68,61,53,88,36,71,32,70,28,72,1,120,0,125,2,129,13,135,15,147,35,165,36,163,44,115,54,91,84,115,148,118,150,120,151,127,154,130,190,132,193,131,200,120
americas|0|200,3,194,2,135,48,65,91,65,97,86,111,78,114,72,108,64,104,54,109,54,113,75,131,76,140,68,149,55,151,31,136,26,136,0,163,0,169,106,198,107,193,91,174,89,166,107,138,108,125,115,114,113,100,122,90,142,89,151,71,164,73,185,58
rodriguez|1|52,30,194,51,194,66,200,69,199,76,155,150,157,155,165,159,165,164,147,175,143,173,142,169,151,123,148,119,136,114,130,104,126,102,106,100,103,96,100,84,78,75,27,67,27,44,25,42,22,42,17,48,0,44,0,39,3,33,8,29,13,26,21,25
interlagos|1|51,155,60,190,68,200,84,189,100,197,114,196,132,181,165,63,163,56,140,49,126,52,84,108,74,114,62,113,53,107,47,80,52,74,69,81,75,73,58,50,55,31,62,30,81,49,95,50,105,43,123,15,120,6,99,0,84,2,62,12,50,25,35,87
vegas|1|188,57,168,40,165,43,164,48,172,64,169,70,164,74,155,76,79,76,75,72,74,51,68,42,63,39,56,38,54,43,51,44,41,40,38,45,37,78,35,88,28,95,14,100,7,105,2,113,0,125,39,147,70,157,96,160,193,162,200,150,200,78,197,66
losail|1|120,172,25,171,18,168,17,155,43,140,47,132,43,125,17,109,0,59,2,50,19,44,26,46,39,80,46,84,56,34,62,28,69,29,80,53,94,68,88,97,96,103,114,97,127,85,150,38,171,35,182,39,195,66,169,98,166,106,200,158,200,166,193,171
yas_marina|1|89,113,126,108,130,106,131,104,124,79,108,72,103,64,106,35,102,4,99,0,94,3,52,131,60,131,65,145,71,156,105,184,139,200,144,200,148,193,147,187,143,183,115,180,101,170,97,156,111,153,111,139,103,138,78,141,74,140,65,123,65,118,68,116
portimao|0|198,76,193,67,173,50,159,43,150,47,148,55,169,74,170,80,166,83,140,79,131,70,122,43,116,40,105,47,85,80,29,89,24,95,43,110,81,94,116,97,117,103,28,129,20,127,11,112,7,110,0,138,14,158,19,160,182,112,191,106,198,97,200,88
istanbul|0|194,10,173,0,100,30,98,37,103,46,87,112,80,120,2,173,3,183,14,184,15,198,21,200,108,174,113,165,108,144,115,134,135,124,168,120,174,117,177,109,174,94,195,91,197,85,194,75,188,70,132,49,130,45,140,39,174,45,184,42,195,32,198,19
